day0,n_cas,n_inf_median,n_inf_02p5,n_inf_05p0,n_inf_95p0,n_inf_97p5,det_rate_median,det_rate_02p5,det_rate_05p0,det_rate_95p0,det_rate_97p5
0,0.00000e+00,5.71895e+00,5.49947e-01,8.36122e-01,2.73410e+01,3.53665e+01,-1.00000e+34,-1.00000e+34,-1.00000e+34,-1.00000e+34,-1.00000e+34
1,0.00000e+00,1.27922e+01,1.25652e+00,1.90436e+00,6.02239e+01,7.76633e+01,-1.00000e+34,-1.00000e+34,-1.00000e+34,-1.00000e+34,-1.00000e+34
2,0.00000e+00,2.15062e+01,2.16572e+00,3.26532e+00,1.00038e+02,1.28320e+02,-1.00000e+34,-1.00000e+34,-1.00000e+34,-1.00000e+34,-1.00000e+34
3,0.00000e+00,3.23111e+01,3.35076e+00,5.00045e+00,1.47844e+02,1.89016e+02,0.00000e+00,0.00000e+00,0.00000e+00,0.00000e+00,0.00000e+00
4,0.00000e+00,4.56555e+01,4.88309e+00,7.21991e+00,2.05211e+02,2.61372e+02,0.00000e+00,0.00000e+00,0.00000e+00,0.00000e+00,0.00000e+00
5,0.00000e+00,6.20086e+01,6.86202e+00,1.00294e+01,2.74084e+02,3.48586e+02,0.00000e+00,0.00000e+00,0.00000e+00,0.00000e+00,0.00000e+00
6,0.00000e+00,8.21413e+01,9.36397e+00,1.36014e+01,3.56880e+02,4.52305e+02,0.00000e+00,0.00000e+00,0.00000e+00,0.00000e+00,0.00000e+00
7,0.00000e+00,1.07066e+02,1.25276e+01,1.81742e+01,4.55367e+02,5.75605e+02,0.00000e+00,0.00000e+00,0.00000e+00,0.00000e+00,0.00000e+00
8,0.00000e+00,1.37521e+02,1.66340e+01,2.39143e+01,5.72515e+02,7.21819e+02,0.00000e+00,0.00000e+00,0.00000e+00,0.00000e+00,0.00000e+00
9,0.00000e+00,1.74565e+02,2.18235e+01,3.12377e+01,7.13705e+02,8.95634e+02,0.00000e+00,0.00000e+00,0.00000e+00,0.00000e+00,0.00000e+00
10,0.00000e+00,2.20499e+02,2.84751e+01,4.05353e+01,8.82372e+02,1.10206e+03,0.00000e+00,0.00000e+00,0.00000e+00,0.00000e+00,0.00000e+00
11,0.00000e+00,2.76086e+02,3.70204e+01,5.21050e+01,1.08211e+03,1.34449e+03,0.00000e+00,0.00000e+00,0.00000e+00,0.00000e+00,0.00000e+00
12,0.00000e+00,3.44469e+02,4.77992e+01,6.67201e+01,1.31690e+03,1.63443e+03,0.00000e+00,0.00000e+00,0.00000e+00,0.00000e+00,0.00000e+00
13,0.00000e+00,4.28323e+02,6.16216e+01,8.52169e+01,1.60077e+03,1.97777e+03,0.00000e+00,0.00000e+00,0.00000e+00,0.00000e+00,0.00000e+00
14,0.00000e+00,5.29722e+02,7.90336e+01,1.08837e+02,1.93382e+03,2.38499e+03,0.00000e+00,0.00000e+00,0.00000e+00,0.00000e+00,0.00000e+00
15,0.00000e+00,6.53317e+02,1.01079e+02,1.38563e+02,2.33495e+03,2.85967e+03,0.00000e+00,0.00000e+00,0.00000e+00,0.00000e+00,0.00000e+00
16,0.00000e+00,8.02098e+02,1.28367e+02,1.75815e+02,2.80833e+03,3.42894e+03,0.00000e+00,0.00000e+00,0.00000e+00,0.00000e+00,0.00000e+00
17,0.00000e+00,9.83801e+02,1.63342e+02,2.22732e+02,3.35788e+03,4.09421e+03,0.00000e+00,0.00000e+00,0.00000e+00,0.00000e+00,0.00000e+00
18,0.00000e+00,1.20184e+03,2.07587e+02,2.81213e+02,4.00880e+03,4.87231e+03,0.00000e+00,0.00000e+00,0.00000e+00,0.00000e+00,0.00000e+00
19,0.00000e+00,1.46678e+03,2.63111e+02,3.53470e+02,4.78462e+03,5.79384e+03,0.00000e+00,0.00000e+00,0.00000e+00,0.00000e+00,0.00000e+00
20,0.00000e+00,1.78729e+03,3.32348e+02,4.44024e+02,5.70557e+03,6.88654e+03,0.00000e+00,0.00000e+00,0.00000e+00,0.00000e+00,0.00000e+00
21,0.00000e+00,2.17040e+03,4.20182e+02,5.56000e+02,6.78377e+03,8.16558e+03,0.00000e+00,0.00000e+00,0.00000e+00,0.00000e+00,0.00000e+00
22,0.00000e+00,2.62917e+03,5.27694e+02,6.96142e+02,8.05200e+03,9.65379e+03,0.00000e+00,0.00000e+00,0.00000e+00,0.00000e+00,0.00000e+00
23,0.00000e+00,3.18367e+03,6.62948e+02,8.66763e+02,9.51198e+03,1.14136e+04,0.00000e+00,0.00000e+00,0.00000e+00,0.00000e+00,0.00000e+00
24,0.00000e+00,3.84353e+03,8.32526e+02,1.07762e+03,1.12618e+04,1.34039e+04,0.00000e+00,0.00000e+00,0.00000e+00,0.00000e+00,0.00000e+00
25,0.00000e+00,4.63565e+03,1.04485e+03,1.33779e+03,1.33053e+04,1.57439e+04,0.00000e+00,0.00000e+00,0.00000e+00,0.00000e+00,0.00000e+00
26,0.00000e+00,5.58717e+03,1.30700e+03,1.65797e+03,1.57026e+04,1.84838e+04,0.00000e+00,0.00000e+00,0.00000e+00,0.00000e+00,0.00000e+00
27,0.00000e+00,6.72002e+03,1.62960e+03,2.05051e+03,1.84860e+04,2.16277e+04,0.00000e+00,0.00000e+00,0.00000e+00,0.00000e+00,0.00000e+00
28,0.00000e+00,8.05860e+03,2.02213e+03,2.52857e+03,2.16641e+04,2.53374e+04,0.00000e+00,0.00000e+00,0.00000e+00,0.00000e+00,0.00000e+00
29,0.00000e+00,9.64781e+03,2.50982e+03,3.10962e+03,2.53653e+04,2.96302e+04,0.00000e+00,0.00000e+00,0.00000e+00,0.00000e+00,0.00000e+00
30,0.00000e+00,1.15194e+04,3.10169e+03,3.82934e+03,2.96755e+04,3.46012e+04,0.00000e+00,0.00000e+00,0.00000e+00,0.00000e+00,0.00000e+00
31,3.00000e+00,1.37232e+04,3.82928e+03,4.69237e+03,3.47120e+04,4.01306e+04,2.18641e-04,7.47558e-05,8.64255e-05,6.39336e-04,7.83437e-04
32,3.00000e+00,1.63127e+04,4.70132e+03,5.74496e+03,4.05086e+04,4.66192e+04,1.83923e-04,6.43512e-05,7.40583e-05,5.22196e-04,6.38118e-04
33,3.00000e+00,1.93595e+04,5.78542e+03,7.00003e+03,4.71340e+04,5.40191e+04,1.54986e-04,5.55359e-05,6.36483e-05,4.28569e-04,5.18545e-04
34,3.00000e+00,2.29405e+04,7.06586e+03,8.54227e+03,5.46810e+04,6.26237e+04,1.30788e-04,4.79052e-05,5.48637e-05,3.51195e-04,4.24577e-04
35,3.00000e+00,2.70945e+04,8.63536e+03,1.03871e+04,6.34202e+04,7.22012e+04,1.10732e-04,4.15505e-05,4.73035e-05,2.88820e-04,3.47409e-04
36,3.00000e+00,3.19793e+04,1.05503e+04,1.25867e+04,7.34099e+04,8.35469e+04,9.38293e-05,3.59080e-05,4.08664e-05,2.38348e-04,2.84353e-04
37,3.00000e+00,3.76918e+04,1.28262e+04,1.52277e+04,8.46650e+04,9.62501e+04,7.96055e-05,3.11688e-05,3.54337e-05,1.97009e-04,2.33897e-04
38,3.00000e+00,4.42027e+04,1.55841e+04,1.83701e+04,9.75415e+04,1.10770e+05,6.78717e-05,2.70832e-05,3.07561e-05,1.63309e-04,1.92504e-04
39,3.00000e+00,5.17655e+04,1.88098e+04,2.20454e+04,1.12404e+05,1.26797e+05,5.79542e-05,2.36598e-05,2.66894e-05,1.36083e-04,1.59491e-04
40,3.00000e+00,6.04417e+04,2.26530e+04,2.63690e+04,1.28856e+05,1.45153e+05,4.96511e-05,2.06679e-05,2.32819e-05,1.13770e-04,1.32433e-04
41,3.00000e+00,7.03780e+04,2.72380e+04,3.15670e+04,1.46999e+05,1.65555e+05,4.26345e-05,1.81208e-05,2.04083e-05,9.50359e-05,1.10140e-04
42,3.00000e+00,8.17219e+04,3.25249e+04,3.75902e+04,1.68196e+05,1.88688e+05,3.67171e-05,1.58992e-05,1.78364e-05,7.98080e-05,9.22370e-05
43,3.00000e+00,9.46937e+04,3.86637e+04,4.45150e+04,1.91652e+05,2.15376e+05,3.16834e-05,1.39291e-05,1.56533e-05,6.73930e-05,7.75923e-05
44,3.00000e+00,1.09455e+05,4.59951e+04,5.25712e+04,2.17885e+05,2.44754e+05,2.74130e-05,1.22572e-05,1.37688e-05,5.70655e-05,6.52243e-05
45,3.00000e+00,1.26111e+05,5.45621e+04,6.21311e+04,2.47722e+05,2.77463e+05,2.37890e-05,1.08122e-05,1.21104e-05,4.82850e-05,5.49832e-05
46,3.00000e+00,1.44774e+05,6.44689e+04,7.28998e+04,2.80620e+05,3.14340e+05,2.07242e-05,9.54381e-06,1.06906e-05,4.11524e-05,4.65341e-05
47,3.00000e+00,1.65765e+05,7.57156e+04,8.53979e+04,3.16164e+05,3.55920e+05,1.80981e-05,8.42886e-06,9.48874e-06,3.51297e-05,3.96219e-05
48,3.00000e+00,1.89285e+05,8.84989e+04,9.95916e+04,3.56308e+05,4.01216e+05,1.58498e-05,7.47727e-06,8.41967e-06,3.01230e-05,3.38987e-05
49,3.00000e+00,2.15869e+05,1.03162e+05,1.15644e+05,4.00904e+05,4.49520e+05,1.39004e-05,6.67378e-06,7.48309e-06,2.59417e-05,2.90804e-05
50,3.00000e+00,2.45070e+05,1.20172e+05,1.34038e+05,4.49838e+05,5.03468e+05,1.22424e-05,5.95867e-06,6.66907e-06,2.23818e-05,2.49643e-05
51,3.00000e+00,2.77602e+05,1.39470e+05,1.54839e+05,5.03449e+05,5.63506e+05,1.08088e-05,5.32381e-06,5.95890e-06,1.93749e-05,2.15100e-05
52,3.00000e+00,3.12973e+05,1.60794e+05,1.77971e+05,5.61151e+05,6.28457e+05,9.58964e-06,4.77359e-06,5.34616e-06,1.68567e-05,1.86574e-05
53,1.70000e+01,3.51678e+05,1.84668e+05,2.03808e+05,6.24384e+05,6.99193e+05,4.83452e-05,2.43137e-05,2.72268e-05,8.34120e-05,9.20568e-05
54,7.90000e+01,3.93570e+05,2.11167e+05,2.32040e+05,6.93558e+05,7.74760e+05,2.00729e-04,1.01967e-04,1.13905e-04,3.40459e-04,3.74112e-04
55,1.32000e+02,4.39729e+05,2.40164e+05,2.63673e+05,7.67051e+05,8.54837e+05,3.00209e-04,1.54415e-04,1.72088e-04,5.00620e-04,5.49624e-04
56,2.29000e+02,4.89435e+05,2.72231e+05,2.98493e+05,8.46093e+05,9.42058e+05,4.67889e-04,2.43085e-04,2.70656e-04,7.67188e-04,8.41198e-04
57,3.22000e+02,5.42968e+05,3.08204e+05,3.36165e+05,9.33340e+05,1.03525e+06,5.93050e-04,3.11035e-04,3.44997e-04,9.57862e-04,1.04476e-03
58,4.00000e+02,6.00638e+05,3.46038e+05,3.76534e+05,1.02572e+06,1.13545e+06,6.65990e-04,3.52285e-04,3.89972e-04,1.06232e-03,1.15594e-03
59,6.50000e+02,6.60912e+05,3.86874e+05,4.20437e+05,1.12221e+06,1.24209e+06,9.83642e-04,5.23311e-04,5.79217e-04,1.54601e-03,1.68013e-03
60,8.88000e+02,7.25545e+05,4.31530e+05,4.67238e+05,1.22462e+06,1.35324e+06,1.22400e-03,6.56203e-04,7.25126e-04,1.90053e-03,2.05779e-03
61,1.12800e+03,7.94274e+05,4.78238e+05,5.16442e+05,1.33388e+06,1.47206e+06,1.42025e-03,7.66271e-04,8.45655e-04,2.18418e-03,2.35866e-03
62,1.68900e+03,8.65805e+05,5.28161e+05,5.68971e+05,1.44673e+06,1.59700e+06,1.95081e-03,1.05761e-03,1.16746e-03,2.96852e-03,3.19789e-03
63,2.03600e+03,9.41557e+05,5.79629e+05,6.24302e+05,1.56324e+06,1.72363e+06,2.16239e-03,1.18123e-03,1.30242e-03,3.26124e-03,3.51259e-03
64,2.50200e+03,1.01941e+06,6.34468e+05,6.81627e+05,1.68647e+06,1.85770e+06,2.45439e-03,1.34682e-03,1.48357e-03,3.67063e-03,3.94346e-03
65,3.08900e+03,1.09996e+06,6.93291e+05,7.41510e+05,1.81300e+06,1.99522e+06,2.80869e-03,1.54820e-03,1.70381e-03,4.16582e-03,4.45556e-03
66,3.85800e+03,1.18311e+06,7.53368e+05,8.04919e+05,1.94260e+06,2.13696e+06,3.26127e-03,1.80537e-03,1.98600e-03,4.79303e-03,5.12100e-03
67,4.63600e+03,1.26727e+06,8.15531e+05,8.68293e+05,2.07646e+06,2.28759e+06,3.65851e-03,2.02659e-03,2.23265e-03,5.33921e-03,5.68464e-03
68,5.88300e+03,1.35325e+06,8.79225e+05,9.32177e+05,2.21098e+06,2.43091e+06,4.34834e-03,2.42008e-03,2.66081e-03,6.31103e-03,6.69112e-03
69,7.37500e+03,1.44067e+06,9.43478e+05,1.00010e+06,2.34644e+06,2.58004e+06,5.11921e-03,2.85848e-03,3.14306e-03,7.37423e-03,7.81682e-03
70,9.17200e+03,1.53191e+06,1.01148e+06,1.06654e+06,2.48011e+06,2.72949e+06,5.98814e-03,3.36034e-03,3.69823e-03,8.59975e-03,9.06790e-03
71,1.01490e+04,1.62068e+06,1.07684e+06,1.13409e+06,2.62005e+06,2.88403e+06,6.26263e-03,3.51903e-03,3.87360e-03,8.94899e-03,9.42481e-03
72,1.24620e+04,1.70915e+06,1.14187e+06,1.20126e+06,2.76505e+06,3.03138e+06,7.29155e-03,4.11100e-03,4.50697e-03,1.03741e-02,1.09137e-02
73,1.51130e+04,1.80072e+06,1.20760e+06,1.26834e+06,2.90866e+06,3.18629e+06,8.39365e-03,4.74314e-03,5.19586e-03,1.19155e-02,1.25149e-02
74,1.76600e+04,1.88949e+06,1.27409e+06,1.33411e+06,3.04846e+06,3.33850e+06,9.34697e-03,5.28980e-03,5.79309e-03,1.32373e-02,1.38609e-02
75,2.11570e+04,1.97831e+06,1.33771e+06,1.39970e+06,3.18220e+06,3.49128e+06,1.06958e-02,6.05996e-03,6.64855e-03,1.51154e-02,1.58159e-02
76,2.39800e+04,2.06347e+06,1.40169e+06,1.46289e+06,3.31676e+06,3.64189e+06,1.16213e-02,6.58449e-03,7.22995e-03,1.63922e-02,1.71079e-02
77,2.79800e+04,2.14799e+06,1.46400e+06,1.52601e+06,3.45258e+06,3.78923e+06,1.30273e-02,7.38408e-03,8.10408e-03,1.83354e-02,1.91121e-02
78,3.15060e+04,2.22856e+06,1.52327e+06,1.58908e+06,3.58312e+06,3.93313e+06,1.41378e-02,8.01041e-03,8.79288e-03,1.98266e-02,2.06832e-02
79,3.57130e+04,2.30805e+06,1.58464e+06,1.64883e+06,3.70728e+06,4.07084e+06,1.54745e-02,8.77288e-03,9.63320e-03,2.16596e-02,2.25370e-02
80,4.10350e+04,2.38522e+06,1.64280e+06,1.70798e+06,3.83211e+06,4.20248e+06,1.72069e-02,9.76447e-03,1.07082e-02,2.40254e-02,2.49787e-02
81,4.70210e+04,2.46337e+06,1.69875e+06,1.76441e+06,3.95273e+06,4.34341e+06,1.90898e-02,1.08258e-02,1.18958e-02,2.66497e-02,2.76797e-02
82,5.35780e+04,2.53910e+06,1.75271e+06,1.82001e+06,4.06737e+06,4.46912e+06,2.11040e-02,1.19885e-02,1.31726e-02,2.94384e-02,3.05687e-02
83,5.91380e+04,2.61262e+06,1.80659e+06,1.87532e+06,4.18306e+06,4.59031e+06,2.26367e-02,1.28832e-02,1.41375e-02,3.15348e-02,3.27346e-02
84,6.39270e+04,2.68219e+06,1.85817e+06,1.92766e+06,4.29408e+06,4.70776e+06,2.38363e-02,1.35791e-02,1.48872e-02,3.31630e-02,3.44033e-02
85,6.91760e+04,2.75106e+06,1.90769e+06,1.97799e+06,4.40492e+06,4.83255e+06,2.51460e-02,1.43146e-02,1.57043e-02,3.49729e-02,3.62616e-02
86,7.43860e+04,2.81911e+06,1.95531e+06,2.02671e+06,4.51420e+06,4.95568e+06,2.63880e-02,1.50102e-02,1.64782e-02,3.67028e-02,3.80430e-02
87,8.05390e+04,2.88491e+06,2.00266e+06,2.07470e+06,4.62388e+06,5.07825e+06,2.79227e-02,1.58596e-02,1.74180e-02,3.88195e-02,4.02161e-02
88,8.64980e+04,2.94898e+06,2.04778e+06,2.12316e+06,4.72616e+06,5.18965e+06,2.93322e-02,1.66674e-02,1.83019e-02,4.07401e-02,4.22399e-02
89,9.24720e+04,3.01193e+06,2.09284e+06,2.16852e+06,4.82836e+06,5.30324e+06,3.07026e-02,1.74369e-02,1.91518e-02,4.26429e-02,4.41850e-02
90,9.76890e+04,3.07381e+06,2.13784e+06,2.21376e+06,4.92380e+06,5.41486e+06,3.17823e-02,1.80409e-02,1.98402e-02,4.41281e-02,4.56951e-02
91,1.01739e+05,3.13450e+06,2.18129e+06,2.25682e+06,5.01721e+06,5.51959e+06,3.24586e-02,1.84323e-02,2.02780e-02,4.50806e-02,4.66417e-02
92,1.05792e+05,3.19303e+06,2.22207e+06,2.29976e+06,5.11355e+06,5.62766e+06,3.31329e-02,1.87986e-02,2.06886e-02,4.60012e-02,4.76098e-02
93,1.10574e+05,3.25015e+06,2.26200e+06,2.34054e+06,5.20383e+06,5.72599e+06,3.40241e-02,1.93109e-02,2.12486e-02,4.72430e-02,4.88833e-02
94,1.15242e+05,3.30599e+06,2.29986e+06,2.38241e+06,5.29495e+06,5.82252e+06,3.48622e-02,1.97925e-02,2.17645e-02,4.83720e-02,5.01083e-02
95,1.19827e+05,3.36048e+06,2.33677e+06,2.42196e+06,5.37953e+06,5.90843e+06,3.56603e-02,2.02807e-02,2.22746e-02,4.94753e-02,5.12790e-02
96,1.24632e+05,3.41146e+06,2.37409e+06,2.45945e+06,5.46886e+06,6.00044e+06,3.65367e-02,2.07705e-02,2.27894e-02,5.06747e-02,5.24968e-02
97,1.28948e+05,3.46109e+06,2.40961e+06,2.49642e+06,5.54734e+06,6.08474e+06,3.72581e-02,2.11920e-02,2.32450e-02,5.16532e-02,5.35140e-02
98,1.32547e+05,3.50891e+06,2.44300e+06,2.53179e+06,5.62445e+06,6.16832e+06,3.77748e-02,2.14883e-02,2.35662e-02,5.23530e-02,5.42558e-02
99,1.35586e+05,3.55533e+06,2.47570e+06,2.56644e+06,5.69954e+06,6.25189e+06,3.81361e-02,2.16872e-02,2.37889e-02,5.28303e-02,5.47667e-02
100,1.39422e+05,3.60135e+06,2.50691e+06,2.60113e+06,5.76968e+06,6.32809e+06,3.87145e-02,2.20322e-02,2.41646e-02,5.36006e-02,5.56151e-02
101,1.43626e+05,3.64430e+06,2.53679e+06,2.63283e+06,5.83608e+06,6.40047e+06,3.94138e-02,2.24399e-02,2.46100e-02,5.45519e-02,5.66171e-02
102,1.47577e+05,3.68667e+06,2.56633e+06,2.66276e+06,5.90279e+06,6.47221e+06,4.00302e-02,2.28017e-02,2.50012e-02,5.54225e-02,5.75050e-02
103,1.52271e+05,3.72654e+06,2.59347e+06,2.69264e+06,5.96675e+06,6.54353e+06,4.08621e-02,2.32705e-02,2.55199e-02,5.65508e-02,5.87133e-02
104,1.56363e+05,3.76364e+06,2.62016e+06,2.72165e+06,6.02766e+06,6.61327e+06,4.15457e-02,2.36438e-02,2.59409e-02,5.74515e-02,5.96770e-02
105,1.59516e+05,3.79966e+06,2.64532e+06,2.74841e+06,6.08717e+06,6.67650e+06,4.19842e-02,2.38922e-02,2.62053e-02,5.80393e-02,6.03012e-02
106,1.62488e+05,3.83470e+06,2.67050e+06,2.77439e+06,6.14222e+06,6.73987e+06,4.23792e-02,2.41085e-02,2.64543e-02,5.85670e-02,6.08455e-02
107,1.65155e+05,3.86826e+06,2.69550e+06,2.80013e+06,6.19904e+06,6.79967e+06,4.26961e-02,2.42887e-02,2.66420e-02,5.89813e-02,6.12706e-02
108,1.68941e+05,3.90155e+06,2.71906e+06,2.82453e+06,6.25020e+06,6.85450e+06,4.33051e-02,2.46467e-02,2.70297e-02,5.98120e-02,6.21321e-02
109,1.72434e+05,3.93336e+06,2.74188e+06,2.84676e+06,6.29760e+06,6.90641e+06,4.38415e-02,2.49672e-02,2.73809e-02,6.05720e-02,6.28890e-02
110,1.75925e+05,3.96257e+06,2.76291e+06,2.86863e+06,6.34668e+06,6.95782e+06,4.43969e-02,2.52845e-02,2.77192e-02,6.13272e-02,6.36738e-02
111,1.78972e+05,3.99152e+06,2.78403e+06,2.89056e+06,6.39322e+06,7.00741e+06,4.48430e-02,2.55404e-02,2.79940e-02,6.19159e-02,6.42853e-02
112,1.81228e+05,4.01988e+06,2.80286e+06,2.91029e+06,6.43839e+06,7.05447e+06,4.50876e-02,2.56898e-02,2.81480e-02,6.22715e-02,6.46583e-02
113,1.83957e+05,4.04606e+06,2.82152e+06,2.93021e+06,6.48179e+06,7.10335e+06,4.54715e-02,2.58972e-02,2.83806e-02,6.27795e-02,6.51978e-02
114,1.87327e+05,4.07099e+06,2.83891e+06,2.94913e+06,6.52329e+06,7.15030e+06,4.60150e-02,2.61985e-02,2.87167e-02,6.35194e-02,6.59856e-02
115,1.89973e+05,4.09557e+06,2.85629e+06,2.96683e+06,6.56272e+06,7.19538e+06,4.63860e-02,2.64021e-02,2.89473e-02,6.40323e-02,6.65105e-02
116,1.92994e+05,4.11868e+06,2.87275e+06,2.98385e+06,6.59880e+06,7.23917e+06,4.68603e-02,2.66597e-02,2.92468e-02,6.46795e-02,6.71809e-02
117,1.95351e+05,4.14136e+06,2.88936e+06,2.99992e+06,6.63461e+06,7.27901e+06,4.71713e-02,2.68376e-02,2.94442e-02,6.51187e-02,6.76104e-02
118,1.97675e+05,4.16260e+06,2.90456e+06,3.01542e+06,6.66973e+06,7.31798e+06,4.74899e-02,2.70122e-02,2.96376e-02,6.55548e-02,6.80569e-02
119,1.99414e+05,4.18377e+06,2.91855e+06,3.03138e+06,6.70333e+06,7.35527e+06,4.76640e-02,2.71117e-02,2.97485e-02,6.57833e-02,6.83265e-02
120,2.01505e+05,4.20401e+06,2.93183e+06,3.04485e+06,6.73648e+06,7.38983e+06,4.79383e-02,2.72679e-02,2.99125e-02,6.61789e-02,6.87302e-02
121,2.03591e+05,4.22302e+06,2.94449e+06,3.05756e+06,6.76618e+06,7.42274e+06,4.82108e-02,2.74280e-02,3.00895e-02,6.65861e-02,6.91431e-02
122,2.05463e+05,4.24098e+06,2.95677e+06,3.07070e+06,6.79549e+06,7.45416e+06,4.84476e-02,2.75635e-02,3.02352e-02,6.69109e-02,6.94891e-02
123,2.07428e+05,4.25860e+06,2.96896e+06,3.08346e+06,6.82198e+06,7.48413e+06,4.87104e-02,2.77157e-02,3.04058e-02,6.72712e-02,6.98654e-02
124,2.09328e+05,4.27537e+06,2.97964e+06,3.09566e+06,6.84892e+06,7.51271e+06,4.89673e-02,2.78632e-02,3.05636e-02,6.76199e-02,7.02528e-02
125,2.10717e+05,4.29104e+06,2.99097e+06,3.10609e+06,6.87456e+06,7.53993e+06,4.91105e-02,2.79468e-02,3.06517e-02,6.78399e-02,7.04510e-02
126,2.11938e+05,4.30596e+06,3.00083e+06,3.11684e+06,6.89830e+06,7.56484e+06,4.92239e-02,2.80162e-02,3.07232e-02,6.79977e-02,7.06265e-02
127,2.13013e+05,4.32117e+06,3.01086e+06,3.12638e+06,6.92089e+06,7.58692e+06,4.92960e-02,2.80763e-02,3.07783e-02,6.81341e-02,7.07483e-02
128,2.14457e+05,4.33454e+06,3.02029e+06,3.13578e+06,6.94141e+06,7.60972e+06,4.94799e-02,2.81820e-02,3.08953e-02,6.83903e-02,7.10054e-02
129,2.15858e+05,4.34787e+06,3.02950e+06,3.14473e+06,6.96088e+06,7.63353e+06,4.96541e-02,2.82776e-02,3.10102e-02,6.86413e-02,7.12521e-02
130,2.17185e+05,4.36025e+06,3.03812e+06,3.15368e+06,6.97861e+06,7.65616e+06,4.98112e-02,2.83674e-02,3.11215e-02,6.88671e-02,7.14867e-02
131,2.18268e+05,4.37263e+06,3.04618e+06,3.16228e+06,6.99646e+06,7.67770e+06,4.99261e-02,2.84288e-02,3.11969e-02,6.90223e-02,7.16531e-02
132,2.19070e+05,4.38319e+06,3.05397e+06,3.17045e+06,7.01384e+06,7.69741e+06,4.99944e-02,2.84602e-02,3.12339e-02,6.90974e-02,7.17328e-02
133,2.19814e+05,4.39330e+06,3.06162e+06,3.17836e+06,7.03134e+06,7.71602e+06,5.00442e-02,2.84880e-02,3.12620e-02,6.91596e-02,7.17965e-02
134,2.21216e+05,4.40311e+06,3.06893e+06,3.18506e+06,7.04828e+06,7.73391e+06,5.02418e-02,2.86034e-02,3.13858e-02,6.94542e-02,7.20825e-02
135,2.22104e+05,4.41246e+06,3.07601e+06,3.19167e+06,7.06470e+06,7.75112e+06,5.03365e-02,2.86545e-02,3.14386e-02,6.95887e-02,7.22053e-02
136,2.23096e+05,4.42198e+06,3.08257e+06,3.19842e+06,7.08039e+06,7.76771e+06,5.04558e-02,2.87210e-02,3.15090e-02,6.97520e-02,7.23734e-02
137,2.23885e+05,4.43132e+06,3.08877e+06,3.20497e+06,7.09553e+06,7.78372e+06,5.05250e-02,2.87632e-02,3.15530e-02,6.98556e-02,7.24836e-02
138,2.24760e+05,4.44114e+06,3.09533e+06,3.21130e+06,7.10890e+06,7.79920e+06,5.06166e-02,2.88183e-02,3.16167e-02,6.99904e-02,7.26125e-02
139,2.25435e+05,4.45008e+06,3.10186e+06,3.21750e+06,7.12218e+06,7.81418e+06,5.06662e-02,2.88495e-02,3.16525e-02,7.00652e-02,7.26773e-02
140,2.25886e+05,4.45811e+06,3.10790e+06,3.22362e+06,7.13526e+06,7.82866e+06,5.06700e-02,2.88537e-02,3.16577e-02,7.00722e-02,7.26812e-02
141,2.26699e+05,4.46653e+06,3.11368e+06,3.22970e+06,7.14854e+06,7.84236e+06,5.07576e-02,2.89070e-02,3.17126e-02,7.01920e-02,7.28075e-02
142,2.27364e+05,4.47386e+06,3.11926e+06,3.23542e+06,7.16105e+06,7.85418e+06,5.08211e-02,2.89482e-02,3.17501e-02,7.02733e-02,7.28904e-02
143,2.28006e+05,4.48141e+06,3.12465e+06,3.24077e+06,7.17312e+06,7.86550e+06,5.08807e-02,2.89881e-02,3.17862e-02,7.03554e-02,7.29701e-02
144,2.28658e+05,4.48847e+06,3.12994e+06,3.24609e+06,7.18473e+06,7.87634e+06,5.09491e-02,2.90310e-02,3.18256e-02,7.04412e-02,7.30550e-02
145,2.29327e+05,4.49501e+06,3.13520e+06,3.25119e+06,7.19588e+06,7.88668e+06,5.10209e-02,2.90778e-02,3.18692e-02,7.05363e-02,7.31459e-02
146,2.29858e+05,4.50116e+06,3.13977e+06,3.25609e+06,7.20656e+06,7.89652e+06,5.10697e-02,2.91088e-02,3.18956e-02,7.05933e-02,7.32086e-02
147,2.30158e+05,4.50736e+06,3.14384e+06,3.26077e+06,7.21678e+06,7.90588e+06,5.10651e-02,2.91122e-02,3.18921e-02,7.05840e-02,7.32091e-02
148,2.30555e+05,4.51316e+06,3.14769e+06,3.26524e+06,7.22652e+06,7.91475e+06,5.10865e-02,2.91298e-02,3.19040e-02,7.06090e-02,7.32458e-02
149,2.31139e+05,4.51887e+06,3.15133e+06,3.26887e+06,7.23577e+06,7.92317e+06,5.11503e-02,2.91726e-02,3.19439e-02,7.07092e-02,7.33465e-02
150,2.31732e+05,4.52455e+06,3.15477e+06,3.27229e+06,7.24454e+06,7.93305e+06,5.12196e-02,2.92109e-02,3.19871e-02,7.08164e-02,7.34545e-02
151,2.32248e+05,4.52938e+06,3.15798e+06,3.27552e+06,7.25282e+06,7.94239e+06,5.12769e-02,2.92416e-02,3.20218e-02,7.09042e-02,7.35431e-02
152,2.32664e+05,4.53419e+06,3.16105e+06,3.27855e+06,7.26061e+06,7.95118e+06,5.13142e-02,2.92616e-02,3.20447e-02,7.09656e-02,7.36033e-02
153,2.33019e+05,4.53862e+06,3.16381e+06,3.28143e+06,7.26792e+06,7.95943e+06,5.13419e-02,2.92759e-02,3.20613e-02,7.10115e-02,7.36515e-02
154,2.33197e+05,4.54260e+06,3.16633e+06,3.28477e+06,7.27477e+06,7.96715e+06,5.13356e-02,2.92698e-02,3.20556e-02,7.09933e-02,7.36490e-02
155,2.33515e+05,4.54640e+06,3.16869e+06,3.28791e+06,7.28118e+06,7.97437e+06,5.13630e-02,2.92832e-02,3.20710e-02,7.10224e-02,7.36944e-02
156,2.33836e+05,4.54988e+06,3.17117e+06,3.29049e+06,7.28727e+06,7.98110e+06,5.13938e-02,2.92987e-02,3.20883e-02,7.10641e-02,7.37381e-02
157,2.34013e+05,4.55327e+06,3.17369e+06,3.29329e+06,7.29298e+06,7.98739e+06,5.13949e-02,2.92978e-02,3.20874e-02,7.10575e-02,7.37353e-02
158,2.34531e+05,4.55686e+06,3.17638e+06,3.29571e+06,7.29810e+06,7.99325e+06,5.14722e-02,2.93411e-02,3.21359e-02,7.11626e-02,7.38359e-02
159,2.34801e+05,4.56017e+06,3.17845e+06,3.29774e+06,7.30289e+06,7.99872e+06,5.14922e-02,2.93548e-02,3.21518e-02,7.12005e-02,7.38728e-02
160,2.34998e+05,4.56307e+06,3.18031e+06,3.29967e+06,7.30745e+06,8.00383e+06,5.15008e-02,2.93607e-02,3.21587e-02,7.12187e-02,7.38915e-02
161,2.35278e+05,4.56573e+06,3.18215e+06,3.30148e+06,7.31189e+06,8.00863e+06,5.15322e-02,2.93780e-02,3.21774e-02,7.12644e-02,7.39368e-02
162,2.35561e+05,4.56824e+06,3.18396e+06,3.30331e+06,7.31626e+06,8.01315e+06,5.15658e-02,2.93968e-02,3.21969e-02,7.13105e-02,7.39837e-02
163,2.35763e+05,4.57062e+06,3.18566e+06,3.30494e+06,7.32037e+06,8.01743e+06,5.15832e-02,2.94063e-02,3.22064e-02,7.13365e-02,7.40075e-02
164,2.36142e+05,4.57285e+06,3.18729e+06,3.30647e+06,7.32426e+06,8.02150e+06,5.16404e-02,2.94386e-02,3.22411e-02,7.14181e-02,7.40887e-02
165,2.36305e+05,4.57500e+06,3.18884e+06,3.30808e+06,7.32787e+06,8.02540e+06,5.16524e-02,2.94446e-02,3.22474e-02,7.14327e-02,7.41037e-02
166,2.36651e+05,4.57711e+06,3.19034e+06,3.30956e+06,7.33132e+06,8.02917e+06,5.17035e-02,2.94739e-02,3.22795e-02,7.15052e-02,7.41774e-02
167,2.36989e+05,4.57918e+06,3.19179e+06,3.31101e+06,7.33467e+06,8.03284e+06,5.17537e-02,2.95025e-02,3.23108e-02,7.15760e-02,7.42495e-02
168,2.37290e+05,4.58118e+06,3.19321e+06,3.31243e+06,7.33795e+06,8.03642e+06,5.17971e-02,2.95268e-02,3.23374e-02,7.16363e-02,7.43107e-02
169,2.37500e+05,4.58316e+06,3.19461e+06,3.31381e+06,7.34117e+06,8.03995e+06,5.18214e-02,2.95400e-02,3.23518e-02,7.16697e-02,7.43441e-02
170,2.37828e+05,4.58510e+06,3.19598e+06,3.31517e+06,7.34434e+06,8.04341e+06,5.18719e-02,2.95680e-02,3.23825e-02,7.17392e-02,7.44148e-02
171,2.38159e+05,4.58701e+06,3.19732e+06,3.31651e+06,7.34746e+06,8.04682e+06,5.19234e-02,2.95967e-02,3.24138e-02,7.18102e-02,7.44870e-02
172,2.38011e+05,4.58887e+06,3.19864e+06,3.31781e+06,7.35051e+06,8.05015e+06,5.18710e-02,2.95660e-02,3.23802e-02,7.17374e-02,7.44100e-02
173,2.38275e+05,4.59069e+06,3.19993e+06,3.31908e+06,7.35349e+06,8.05341e+06,5.19088e-02,2.95869e-02,3.24030e-02,7.17895e-02,7.44626e-02
174,2.38499e+05,4.59246e+06,3.20119e+06,3.32031e+06,7.35639e+06,8.05658e+06,5.19385e-02,2.96030e-02,3.24207e-02,7.18303e-02,7.45033e-02
175,2.38720e+05,4.59418e+06,3.20241e+06,3.32151e+06,7.35920e+06,8.05965e+06,5.19680e-02,2.96191e-02,3.24383e-02,7.18708e-02,7.45439e-02
176,2.38833e+05,4.59585e+06,3.20359e+06,3.32268e+06,7.36193e+06,8.06264e+06,5.19745e-02,2.96222e-02,3.24416e-02,7.18797e-02,7.45516e-02
177,2.39410e+05,4.59747e+06,3.20474e+06,3.32381e+06,7.36458e+06,8.06553e+06,5.20825e-02,2.96831e-02,3.25083e-02,7.20288e-02,7.47050e-02
178,2.39706e+05,4.59904e+06,3.20586e+06,3.32491e+06,7.36715e+06,8.06834e+06,5.21298e-02,2.97094e-02,3.25371e-02,7.20940e-02,7.47713e-02
179,2.39961e+05,4.60050e+06,3.20694e+06,3.32598e+06,7.36965e+06,8.07107e+06,5.21686e-02,2.97310e-02,3.25607e-02,7.21474e-02,7.48256e-02
180,2.40136e+05,4.60191e+06,3.20799e+06,3.32702e+06,7.37207e+06,8.07372e+06,5.21904e-02,2.97429e-02,3.25737e-02,7.21774e-02,7.48556e-02
181,2.40310e+05,4.60329e+06,3.20901e+06,3.32804e+06,7.37439e+06,8.07629e+06,5.22124e-02,2.97550e-02,3.25871e-02,7.22077e-02,7.48859e-02
182,2.40436e+05,4.60464e+06,3.21001e+06,3.32903e+06,7.37657e+06,8.07880e+06,5.22242e-02,2.97613e-02,3.25945e-02,7.22240e-02,7.49019e-02
183,2.40578e+05,4.60596e+06,3.21098e+06,3.33000e+06,7.37870e+06,8.08125e+06,5.22399e-02,2.97699e-02,3.26044e-02,7.22456e-02,7.49235e-02
184,2.40760e+05,4.60725e+06,3.21193e+06,3.33095e+06,7.38079e+06,8.08363e+06,5.22646e-02,2.97837e-02,3.26198e-02,7.22797e-02,7.49580e-02
185,2.40961e+05,4.60852e+06,3.21286e+06,3.33188e+06,7.38287e+06,8.08595e+06,5.22937e-02,2.98000e-02,3.26378e-02,7.23199e-02,7.49990e-02
186,2.41184e+05,4.60977e+06,3.21376e+06,3.33279e+06,7.38497e+06,8.08821e+06,5.23278e-02,2.98192e-02,3.26588e-02,7.23671e-02,7.50473e-02
187,2.41419e+05,4.61101e+06,3.21464e+06,3.33368e+06,7.38701e+06,8.09042e+06,5.23648e-02,2.98401e-02,3.26816e-02,7.24182e-02,7.50998e-02
188,2.41611e+05,4.61223e+06,3.21551e+06,3.33456e+06,7.38900e+06,8.09258e+06,5.23925e-02,2.98559e-02,3.26987e-02,7.24567e-02,7.51394e-02
189,2.41819e+05,4.61344e+06,3.21635e+06,3.33543e+06,7.39094e+06,8.09469e+06,5.24239e-02,2.98738e-02,3.27183e-02,7.25002e-02,7.51843e-02
190,2.41956e+05,4.61465e+06,3.21718e+06,3.33629e+06,7.39283e+06,8.09675e+06,5.24400e-02,2.98831e-02,3.27285e-02,7.25226e-02,7.52075e-02
191,2.42149e+05,4.61586e+06,3.21800e+06,3.33714e+06,7.39468e+06,8.09878e+06,5.24683e-02,2.98994e-02,3.27464e-02,7.25618e-02,7.52483e-02
192,2.42363e+05,4.61707e+06,3.21881e+06,3.33800e+06,7.39650e+06,8.10079e+06,5.25011e-02,2.99184e-02,3.27673e-02,7.26073e-02,7.52959e-02
193,2.42639e+05,4.61830e+06,3.21961e+06,3.33886e+06,7.39838e+06,8.10279e+06,5.25471e-02,2.99451e-02,3.27962e-02,7.26712e-02,7.53629e-02
194,2.42827e+05,4.61955e+06,3.22042e+06,3.33973e+06,7.40033e+06,8.10479e+06,5.25740e-02,2.99609e-02,3.28130e-02,7.27086e-02,7.54024e-02
195,2.43061e+05,4.62082e+06,3.22123e+06,3.34062e+06,7.40231e+06,8.10681e+06,5.26105e-02,2.99823e-02,3.28358e-02,7.27593e-02,7.54560e-02
196,2.43230e+05,4.62207e+06,3.22205e+06,3.34152e+06,7.40418e+06,8.10886e+06,5.26326e-02,2.99956e-02,3.28504e-02,7.27902e-02,7.54892e-02
197,2.43344e+05,4.62330e+06,3.22290e+06,3.34245e+06,7.40609e+06,8.11096e+06,5.26424e-02,3.00019e-02,3.28573e-02,7.28040e-02,7.55048e-02
198,2.43506e+05,4.62457e+06,3.22376e+06,3.34341e+06,7.40806e+06,8.11313e+06,5.26622e-02,3.00138e-02,3.28704e-02,7.28316e-02,7.55348e-02
199,2.43736e+05,4.62588e+06,3.22465e+06,3.34440e+06,7.41009e+06,8.11536e+06,5.26962e-02,3.00339e-02,3.28924e-02,7.28788e-02,7.55852e-02
200,2.43967e+05,4.62724e+06,3.22558e+06,3.34543e+06,7.41220e+06,8.11768e+06,5.27299e-02,3.00538e-02,3.29142e-02,7.29256e-02,7.56351e-02
201,2.44216e+05,4.62865e+06,3.22654e+06,3.34648e+06,7.41439e+06,8.12009e+06,5.27669e-02,3.00755e-02,3.29381e-02,7.29769e-02,7.56899e-02
202,2.44434e+05,4.63011e+06,3.22753e+06,3.34758e+06,7.41667e+06,8.12259e+06,5.27966e-02,3.00931e-02,3.29574e-02,7.30182e-02,7.57341e-02
203,2.44624e+05,4.63162e+06,3.22856e+06,3.34870e+06,7.41905e+06,8.12520e+06,5.28198e-02,3.01068e-02,3.29724e-02,7.30504e-02,7.57687e-02
204,2.44752e+05,4.63319e+06,3.22963e+06,3.34986e+06,7.42151e+06,8.12790e+06,5.28291e-02,3.01126e-02,3.29787e-02,7.30633e-02,7.57833e-02
205,2.45032e+05,4.63481e+06,3.23074e+06,3.35105e+06,7.42407e+06,8.13071e+06,5.28708e-02,3.01366e-02,3.30051e-02,7.31209e-02,7.58440e-02
206,2.45338e+05,4.63648e+06,3.23188e+06,3.35227e+06,7.42672e+06,8.13362e+06,5.29176e-02,3.01635e-02,3.30345e-02,7.31856e-02,7.59118e-02
207,2.45590e+05,4.63819e+06,3.23306e+06,3.35351e+06,7.42945e+06,8.13661e+06,5.29524e-02,3.01833e-02,3.30563e-02,7.32336e-02,7.59621e-02
208,2.45864e+05,4.63994e+06,3.23427e+06,3.35477e+06,7.43226e+06,8.13969e+06,5.29917e-02,3.02056e-02,3.30807e-02,7.32878e-02,7.60185e-02
209,2.46118e+05,4.64173e+06,3.23550e+06,3.35604e+06,7.43513e+06,8.14283e+06,5.30265e-02,3.02251e-02,3.31020e-02,7.33357e-02,7.60680e-02
210,2.46286e+05,4.64353e+06,3.23675e+06,3.35732e+06,7.43805e+06,8.14603e+06,5.30428e-02,3.02339e-02,3.31116e-02,7.33579e-02,7.60905e-02
211,2.46488e+05,4.64534e+06,3.23801e+06,3.35859e+06,7.44100e+06,8.14925e+06,5.30664e-02,3.02467e-02,3.31257e-02,7.33903e-02,7.61232e-02
212,2.46776e+05,4.64714e+06,3.23928e+06,3.35985e+06,7.44395e+06,8.15248e+06,5.31088e-02,3.02700e-02,3.31512e-02,7.34485e-02,7.61824e-02
213,2.47158e+05,4.64893e+06,3.24054e+06,3.36108e+06,7.44689e+06,8.15569e+06,5.31717e-02,3.03050e-02,3.31894e-02,7.35352e-02,7.62706e-02
214,2.47537e+05,4.65067e+06,3.24178e+06,3.36229e+06,7.44978e+06,8.15885e+06,5.32345e-02,3.03397e-02,3.32274e-02,7.36216e-02,7.63583e-02
215,2.47832e+05,4.65231e+06,3.24299e+06,3.36345e+06,7.45259e+06,8.16192e+06,5.32797e-02,3.03644e-02,3.32545e-02,7.36839e-02,7.64208e-02
216,2.48070e+05,4.65378e+06,3.24416e+06,3.36456e+06,7.45530e+06,8.16487e+06,5.33135e-02,3.03826e-02,3.32743e-02,7.37302e-02,7.64665e-02
217,2.48229e+05,4.65519e+06,3.24528e+06,3.36562e+06,7.45761e+06,8.16768e+06,5.33311e-02,3.03916e-02,3.32853e-02,7.37543e-02,7.64892e-02
218,2.48419e+05,4.65652e+06,3.24634e+06,3.36662e+06,7.45989e+06,8.17033e+06,5.33562e-02,3.04050e-02,3.33006e-02,7.37888e-02,7.65227e-02
219,2.48803e+05,4.65778e+06,3.24734e+06,3.36756e+06,7.46223e+06,8.17280e+06,5.34238e-02,3.04428e-02,3.33416e-02,7.38822e-02,7.66176e-02
220,2.49204e+05,4.65898e+06,3.24826e+06,3.36845e+06,7.46439e+06,8.17509e+06,5.34958e-02,3.04833e-02,3.33857e-02,7.39818e-02,7.67192e-02
221,2.49756e+05,4.66012e+06,3.24912e+06,3.36929e+06,7.46639e+06,8.17721e+06,5.36000e-02,3.05429e-02,3.34507e-02,7.41273e-02,7.68688e-02
222,2.50103e+05,4.66123e+06,3.24993e+06,3.37009e+06,7.46823e+06,8.17920e+06,5.36613e-02,3.05779e-02,3.34889e-02,7.42126e-02,7.69565e-02
223,2.50566e+05,4.66230e+06,3.25069e+06,3.37086e+06,7.46995e+06,8.18108e+06,5.37482e-02,3.06275e-02,3.35432e-02,7.43329e-02,7.70809e-02
224,2.50825e+05,4.66337e+06,3.25142e+06,3.37162e+06,7.47160e+06,8.18289e+06,5.37918e-02,3.06524e-02,3.35705e-02,7.43930e-02,7.71433e-02
225,2.51237e+05,4.66444e+06,3.25213e+06,3.37238e+06,7.47321e+06,8.18467e+06,5.38685e-02,3.06960e-02,3.36184e-02,7.44984e-02,7.72530e-02
226,2.51713e+05,4.66552e+06,3.25285e+06,3.37315e+06,7.47482e+06,8.18646e+06,5.39589e-02,3.07475e-02,3.36748e-02,7.46226e-02,7.73824e-02
227,2.52235e+05,4.66662e+06,3.25357e+06,3.37393e+06,7.47646e+06,8.18829e+06,5.40582e-02,3.08044e-02,3.37372e-02,7.47600e-02,7.75256e-02
228,2.52809e+05,4.66775e+06,3.25431e+06,3.37473e+06,7.47814e+06,8.19016e+06,5.41683e-02,3.08674e-02,3.38064e-02,7.49124e-02,7.76843e-02
229,2.53438e+05,4.66890e+06,3.25508e+06,3.37555e+06,7.47987e+06,8.19208e+06,5.42899e-02,3.09370e-02,3.38827e-02,7.50805e-02,7.78593e-02
230,2.53915e+05,4.67008e+06,3.25586e+06,3.37639e+06,7.48164e+06,8.19405e+06,5.43785e-02,3.09877e-02,3.39384e-02,7.52032e-02,7.79872e-02
231,2.54235e+05,4.67128e+06,3.25666e+06,3.37725e+06,7.48346e+06,8.19607e+06,5.44331e-02,3.10191e-02,3.39729e-02,7.52788e-02,7.80663e-02
232,2.54636e+05,4.67251e+06,3.25748e+06,3.37812e+06,7.48533e+06,8.19815e+06,5.45048e-02,3.10602e-02,3.40180e-02,7.53780e-02,7.81697e-02
233,2.55278e+05,4.67376e+06,3.25832e+06,3.37902e+06,7.48732e+06,8.20027e+06,5.46277e-02,3.11304e-02,3.40947e-02,7.55480e-02,7.83466e-02
234,2.56118e+05,4.67504e+06,3.25918e+06,3.37993e+06,7.48936e+06,8.20245e+06,5.47926e-02,3.12246e-02,3.41976e-02,7.57760e-02,7.85836e-02
235,2.57065e+05,4.67633e+06,3.26006e+06,3.38087e+06,7.49143e+06,8.20468e+06,5.49800e-02,3.13315e-02,3.43146e-02,7.60353e-02,7.88529e-02
236,2.58136e+05,4.67765e+06,3.26096e+06,3.38181e+06,7.49353e+06,8.20696e+06,5.51936e-02,3.14533e-02,3.44478e-02,7.63307e-02,7.91596e-02
237,2.59345e+05,4.67898e+06,3.26187e+06,3.38277e+06,7.49566e+06,8.20927e+06,5.54364e-02,3.15917e-02,3.45993e-02,7.66664e-02,7.95080e-02
238,2.60298e+05,4.68033e+06,3.26280e+06,3.38375e+06,7.49782e+06,8.21162e+06,5.56241e-02,3.16987e-02,3.47165e-02,7.69260e-02,7.97774e-02
239,2.61174e+05,4.68169e+06,3.26374e+06,3.38473e+06,7.49999e+06,8.21400e+06,5.57951e-02,3.17962e-02,3.48232e-02,7.71625e-02,8.00228e-02
240,2.62540e+05,4.68305e+06,3.26469e+06,3.38571e+06,7.50218e+06,8.21639e+06,5.60706e-02,3.19532e-02,3.49952e-02,7.75435e-02,8.04180e-02
241,2.63949e+05,4.68441e+06,3.26565e+06,3.38670e+06,7.50436e+06,8.21880e+06,5.63551e-02,3.21153e-02,3.51727e-02,7.79369e-02,8.08259e-02
242,2.65409e+05,4.68577e+06,3.26660e+06,3.38769e+06,7.50654e+06,8.22120e+06,5.66504e-02,3.22835e-02,3.53570e-02,7.83452e-02,8.12493e-02
243,2.66853e+05,4.68713e+06,3.26755e+06,3.38867e+06,7.50872e+06,8.22359e+06,5.69421e-02,3.24497e-02,3.55391e-02,7.87487e-02,8.16675e-02
244,2.68218e+05,4.68848e+06,3.26850e+06,3.38964e+06,7.51088e+06,8.22597e+06,5.72169e-02,3.26063e-02,3.57106e-02,7.91287e-02,8.20615e-02
245,2.69214e+05,4.68982e+06,3.26944e+06,3.39061e+06,7.51303e+06,8.22833e+06,5.74129e-02,3.27179e-02,3.58330e-02,7.93998e-02,8.23425e-02
246,2.70189e+05,4.69114e+06,3.27037e+06,3.39158e+06,7.51516e+06,8.23067e+06,5.76045e-02,3.28271e-02,3.59525e-02,7.96647e-02,8.26171e-02
247,2.71515e+05,4.69247e+06,3.27130e+06,3.39253e+06,7.51728e+06,8.23300e+06,5.78709e-02,3.29789e-02,3.61188e-02,8.00331e-02,8.29991e-02
248,2.72912e+05,4.69378e+06,3.27222e+06,3.39348e+06,7.51938e+06,8.23531e+06,5.81523e-02,3.31393e-02,3.62945e-02,8.04224e-02,8.34027e-02
249,2.74644e+05,4.69510e+06,3.27313e+06,3.39443e+06,7.52149e+06,8.23761e+06,5.85050e-02,3.33403e-02,3.65146e-02,8.09101e-02,8.39086e-02
250,2.76338e+05,4.69642e+06,3.27405e+06,3.39538e+06,7.52360e+06,8.23991e+06,5.88494e-02,3.35365e-02,3.67295e-02,8.13864e-02,8.44026e-02
251,2.77634e+05,4.69775e+06,3.27497e+06,3.39635e+06,7.52573e+06,8.24223e+06,5.91086e-02,3.36843e-02,3.68913e-02,8.17449e-02,8.47746e-02
252,2.78784e+05,4.69912e+06,3.27591e+06,3.39734e+06,7.52793e+06,8.24462e+06,5.93362e-02,3.38140e-02,3.70333e-02,8.20595e-02,8.51013e-02
253,2.80153e+05,4.70058e+06,3.27689e+06,3.39839e+06,7.53026e+06,8.24715e+06,5.96092e-02,3.39697e-02,3.72036e-02,8.24370e-02,8.54935e-02
254,2.81583e+05,4.70220e+06,3.27798e+06,3.39956e+06,7.53286e+06,8.24996e+06,5.98930e-02,3.41315e-02,3.73806e-02,8.28293e-02,8.59014e-02
255,2.83180e+05,4.70416e+06,3.27928e+06,3.40097e+06,7.53599e+06,8.25335e+06,6.02079e-02,3.43109e-02,3.75770e-02,8.32646e-02,8.63543e-02
256,2.84796e+05,4.70691e+06,3.28109e+06,3.40296e+06,7.54040e+06,8.25813e+06,6.05164e-02,3.44867e-02,3.77693e-02,8.36908e-02,8.67992e-02
257,2.86297e+05,4.71246e+06,3.28474e+06,3.40698e+06,7.54932e+06,8.26785e+06,6.07645e-02,3.46278e-02,3.79236e-02,8.40325e-02,8.71597e-02
258,2.87753e+05,-1.00000e+34,-1.00000e+34,-1.00000e+34,-1.00000e+34,-1.00000e+34,-1.00000e+34,-1.00000e+34,-1.00000e+34,-1.00000e+34,-1.00000e+34
